timestamp,10000000,20000000,20000001,30000000,30000001,30000010,30000011,40000000,40000001,40000010,40000011,40000012,40000013,40000014,40000015,40000016,40000100,40000101,40000102,40000110,50000000,50000001,50000010,50000011,50000100,50000101,50000102,50000103,50001000,50001001,50001002,50001003,50001010,50001011,50001012,50001013,50001020,50001021,50001100,50001101,50001110,50001111,60010000,60010001,60010002,40000111,explanation
1740549670.053683,0.2854285903852668,0.3396666906125624,0.17966448502706225,0.7424242424242425,0.29491585152237565,0.19234414748352693,0.5190034051131689,"(0.4, 0.7, 1.0)","(0.5, 0.75, 1.0)",0.6048898392159702,0.4793466249541486,0.8390419911095585,0.0625,0.19456474746184374,0.19456474746184374,0.6983440744590226,0.0,1.0,0.15197428647234,0.07601362045267576,yes,1,old,1,0.0,0.0,0.3282995769794685,0.5,,,0,0,-8.457505702972412,10.289544582366943,1.0,1.0,-8.457505702972412,9.0,-9.100899696350098,10.244099617004396,,,-8.457505702972412,10.289544582366943,1.0851763486862185,0.5,00002さんは、車椅子付近にいる、車椅子を動かす動作に近い姿勢がある、および顔を触る動作に近い姿勢があるため危険度が高く評価されました。
1740549670.410458,0.2854285903852668,0.3396666906125624,0.17966448502706225,0.7424242424242425,0.29491585152237565,0.19234414748352693,0.5190034051131689,"(0.4, 0.7, 1.0)","(0.5, 0.75, 1.0)",0.6048898392159702,0.4793466249541486,0.8390419911095585,0.0625,0.19456474746184374,0.19456474746184374,0.6983440744590226,0.0,1.0,0.15197428647234,0.07601362045267576,yes,1,old,1,0.0,0.0,0.3282995769794685,0.5,,,0,0,-8.457505702972412,10.289544582366943,1.0,1.0,-8.457505702972412,9.0,-9.100899696350098,10.244099617004396,0.0,0.0,-8.457505702972412,10.289544582366943,1.0851763486862185,0.5,00002さんは、車椅子付近にいる、車椅子を動かす動作に近い姿勢がある、および顔を触る動作に近い姿勢があるため危険度が高く評価されました。
1740549670.6094644,0.2851607570515079,0.3414244175070564,0.17968490785674557,0.7424242424242425,0.2968688814051468,0.19222022358111365,0.5191553258215094,"(0.4, 0.7, 1.0)","(0.5, 0.75, 1.0)",0.6088956189177905,0.5615979639557702,0.7984468806991308,0.08848037854880969,0.1683648836055726,0.2860983276896167,0.6290157957712998,0.0,1.0,0.15181255496565438,0.07662130328603725,yes,1,old,1,0.0,0.0907914839994417,0.3719205198647242,0.5,,,0,0,-8.452241897583008,10.288172245025637,1.0,1.0,-8.452241897583008,9.0,-9.100899696350098,10.244099617004396,0.0,0.0,-8.452241897583008,10.288172245025637,1.0885344743728638,0.5,00002さんは、車椅子付近にいる、車椅子を動かす動作に近い姿勢がある、および顔を触る動作に近い姿勢があるため危険度が高く評価されました。
1740549670.950307,0.2851607570515079,0.3414244175070564,0.17968490785674557,0.7424242424242425,0.2968688814051468,0.19222022358111365,0.5191553258215094,"(0.4, 0.7, 1.0)","(0.5, 0.75, 1.0)",0.6088956189177905,0.5615979639557702,0.7984468806991308,0.08848037854880969,0.1683648836055726,0.2860983276896167,0.6290157957712998,0.0,1.0,0.15181255496565438,0.07662130328603725,yes,1,old,1,0.0,0.0907914839994417,0.3719205198647242,0.5,,,0,0,-8.452241897583008,10.288172245025637,1.0,1.0,-8.452241897583008,9.0,-9.100899696350098,10.244099617004396,0.0,0.0,-8.452241897583008,10.288172245025637,1.0885344743728638,0.5,00002さんは、車椅子付近にいる、車椅子を動かす動作に近い姿勢がある、および顔を触る動作に近い姿勢があるため危険度が高く評価されました。
1740549671.301942,0.2851607570515079,0.3414244175070564,0.17968490785674557,0.7424242424242425,0.2968688814051468,0.19222022358111365,0.5191553258215094,"(0.4, 0.7, 1.0)","(0.5, 0.75, 1.0)",0.6088956189177905,0.5615979639557702,0.7984468806991308,0.08848037854880969,0.1683648836055726,0.2860983276896167,0.6290157957712998,0.0,1.0,0.15181255496565438,0.07662130328603725,yes,1,old,1,0.0,0.0907914839994417,0.3719205198647242,0.5,,,0,0,-8.452241897583008,10.288172245025637,1.0,1.0,-8.452241897583008,9.0,-9.100899696350098,10.244099617004396,0.0,0.0,-8.452241897583008,10.288172245025637,1.0885344743728638,0.5,00002さんは、車椅子付近にいる、車椅子を動かす動作に近い姿勢がある、および顔を触る動作に近い姿勢があるため危険度が高く評価されました。
1740549671.4542978,0.2851607570515079,0.3414244175070564,0.17968490785674557,0.7424242424242425,0.2968688814051468,0.19222022358111365,0.5191553258215094,"(0.4, 0.7, 1.0)","(0.5, 0.75, 1.0)",0.6088956189177905,0.5615979639557702,0.7984468806991308,0.08848037854880969,0.1683648836055726,0.2860983276896167,0.6290157957712998,0.0,1.0,0.15181255496565438,0.07662130328603725,yes,1,old,1,0.0,0.0907914839994417,0.3719205198647242,0.5,,,0,0,-8.452241897583008,10.288172245025637,1.0,1.0,-8.452241897583008,9.0,-9.100899696350098,10.244099617004396,0.0,0.0,-8.452241897583008,10.288172245025637,1.0885344743728638,0.5,00002さんは、車椅子付近にいる、車椅子を動かす動作に近い姿勢がある、および顔を触る動作に近い姿勢があるため危険度が高く評価されました。
1740549671.8579235,0.2851607570515079,0.3414244175070564,0.17968490785674557,0.7424242424242425,0.2968688814051468,0.19222022358111365,0.5191553258215094,"(0.4, 0.7, 1.0)","(0.5, 0.75, 1.0)",0.6088956189177905,0.5615979639557702,0.7984468806991308,0.08848037854880969,0.1683648836055726,0.2860983276896167,0.6290157957712998,0.0,1.0,0.15181255496565438,0.07662130328603725,yes,1,old,1,0.0,0.0907914839994417,0.3719205198647242,0.5,,,0,0,-8.452241897583008,10.288172245025637,1.0,1.0,-8.452241897583008,9.0,-9.100899696350098,10.244099617004396,0.0,0.0,-8.452241897583008,10.288172245025637,1.0885344743728638,0.5,00002さんは、車椅子付近にいる、車椅子を動かす動作に近い姿勢がある、および顔を触る動作に近い姿勢があるため危険度が高く評価されました。
1740549672.2093787,0.2849858782220901,0.3419822231334338,0.1795574217430882,0.7424242424242425,0.297488665434455,0.19166523568041632,0.5192032575309383,"(0.4, 0.7, 1.0)","(0.5, 0.75, 1.0)",0.6101668325873902,0.6379285019618116,0.927262432165223,0.0834079013861916,0.2578521720942793,0.38440845760605014,0.8585670005806703,0.0,1.0,0.15108824732504517,0.07681303012375318,yes,1,old,1,0.0,0.0748102369651066,0.5,0.5,,,0,0,-8.450223922729492,10.282026290893556,1.0,1.0,-8.450223922729492,9.0,-9.100899696350098,10.244099617004396,0.0,0.0,-8.450223922729492,10.282026290893556,1.0896027088165283,0.5,00002さんは、車椅子付近にいる、車椅子を動かす動作に近い姿勢がある、および顔を触る動作に近い姿勢があるため危険度が高く評価されました。
1740549672.4135518,0.28481739826824526,0.3428175440882558,0.1795058231416554,0.7424242424242425,0.29841679982870173,0.19154811510551534,0.5191419634316164,"(0.4, 0.7, 1.0)","(0.5, 0.75, 1.0)",0.6120704910771209,0.600289081015046,0.9792918707122065,0.0678833602307175,0.299160555583556,0.3343870344947662,0.958907038738119,0.0,1.0,0.15093539475444545,0.07656785372646598,yes,1,old,1,0.0,0.0208709099052351,0.5,0.5,,,0,0,-8.45223331451416,10.280729293823242,1.0,1.0,-8.45223331451416,9.0,-9.100899696350098,10.244099617004396,0.0,0.0,-8.45223331451416,10.280729293823242,1.0912047624588013,0.5,00002さんは、車椅子付近にいる、車椅子を動かす動作に近い姿勢がある、および顔を触る動作に近い姿勢があるため危険度が高く評価されました。
1740549672.7657692,0.2851270520027527,0.34114536427926245,0.17956799654939565,0.7424242424242425,0.2965588222631535,0.19172569056540176,0.51918845576668,"(0.4, 0.7, 1.0)","(0.5, 0.75, 1.0)",0.6082596692949419,0.644061739029043,0.9191987812766146,0.08609740377460469,0.25171181495019035,0.3928362835212678,0.8433960279434135,0.0,1.0,0.15116714622545735,0.0767538230667203,yes,1,old,1,0.0,0.0833717571227994,0.5,0.5,,,0,0,-8.450766563415527,10.282695770263672,1.0,1.0,-8.450766563415527,9.0,-9.100899696350098,10.244099617004396,0.0,0.0,-8.450766563415527,10.282695770263672,1.0880005359649658,0.5,00002さんは、車椅子付近にいる、車椅子を動かす動作に近い姿勢がある、および顔を触る動作に近い姿勢があるため危険度が高く評価されました。
1740549673.1536112,0.28523124275306866,0.34022894920301827,0.1795043751671744,0.7424242424242425,0.29554058328954885,0.19169313793502488,0.5190289315376623,"(0.4, 0.7, 1.0)","(0.5, 0.75, 1.0)",0.6061712009883123,0.48081577857755464,0.6799703528024235,0.09126365106706073,0.10273915541070423,0.19606152963589105,0.44369735344250655,0.0,1.0,0.15112466220215837,0.07611572615064902,yes,1,old,1,0.0,0.099270201364206,0.2315766833089331,0.5,,,0,0,-8.456169128417969,10.28233528137207,1.0,1.0,-8.456169128417969,9.0,-9.100899696350098,10.244099617004396,0.0,0.0,-8.456169128417969,10.28233528137207,1.0862492322921753,0.5,00002さんは、車椅子付近にいる、車椅子を動かす動作に近い姿勢がある、および立ち上がり動作の兆候が強いため危険度が高く評価されました。
1740549673.5101707,0.28523124275306866,0.34022894920301827,0.1795043751671744,0.7424242424242425,0.29554058328954885,0.19169313793502488,0.5190289315376623,"(0.4, 0.7, 1.0)","(0.5, 0.75, 1.0)",0.6061712009883123,0.48081577857755464,0.6799703528024235,0.09126365106706073,0.10273915541070423,0.19606152963589105,0.44369735344250655,0.0,1.0,0.15112466220215837,0.07611572615064902,yes,1,old,1,0.0,0.099270201364206,0.2315766833089331,0.5,,,0,0,-8.456169128417969,10.28233528137207,1.0,1.0,-8.456169128417969,9.0,-9.100899696350098,10.244099617004396,0.0,0.0,-8.456169128417969,10.28233528137207,1.0862492322921753,0.5,00002さんは、車椅子付近にいる、車椅子を動かす動作に近い姿勢がある、および立ち上がり動作の兆候が強いため危険度が高く評価されました。
1740549673.710641,0.28548363656460063,0.3385404691470074,0.17947720912450094,0.7424242424242425,0.2936644943384257,0.19187820566698216,0.518811570170741,"(0.4, 0.7, 1.0)","(0.5, 0.75, 1.0)",0.6023232316840457,0.4662665176522057,0.7799716739618123,0.06849085671690569,0.15706195336456757,0.18146756363329866,0.5984204163520123,0.0,1.0,0.1513661917420248,0.07524628068296386,yes,1,old,1,0.0,0.0231472594668883,0.2822110791452616,0.5,,,0,0,-8.463685989379883,10.284384727478027,1.0,1.0,-8.463685989379883,9.0,-9.100899696350098,10.244099617004396,0.0,0.0,-8.463685989379883,10.284384727478027,1.0830309391021729,0.5,00002さんは、車椅子付近にいる、車椅子を動かす動作に近い姿勢がある、および立ち上がり動作の兆候が強いため危険度が高く評価されました。
1740549674.0674777,0.2853237750371276,0.33882224310873815,0.1793058584619936,0.7424242424242425,0.2939775765181265,0.19113014105383802,0.5188772643849313,"(0.4, 0.7, 1.0)","(0.5, 0.75, 1.0)",0.6029653817358758,0.5811633065290297,0.6358802247636571,0.1340956170385143,0.0825196681937837,0.31011288263172054,0.38161096224766694,0.0,1.0,0.15038990214311845,0.07550905753972512,yes,1,old,1,0.0,0.2102738268450137,0.2822110791452616,0.5,,,0,0,-8.460983753204346,10.276100635528564,1.0,1.0,-8.460983753204346,9.0,-9.100899696350098,10.244099617004396,0.0,0.0,-8.460983753204346,10.276100635528564,1.0835672616958618,0.5,00002さんは、車椅子付近にいる、車椅子を動かす動作に近い姿勢がある、および立ち上がり動作の兆候が強いため危険度が高く評価されました。
1740549674.4543085,0.2853237750371276,0.33882224310873815,0.1793058584619936,0.7424242424242425,0.2939775765181265,0.19113014105383802,0.5188772643849313,"(0.4, 0.7, 1.0)","(0.5, 0.75, 1.0)",0.6029653817358758,0.5811633065290297,0.6358802247636571,0.1340956170385143,0.0825196681937837,0.31011288263172054,0.38161096224766694,0.0,1.0,0.15038990214311845,0.07550905753972512,yes,1,old,1,0.0,0.2102738268450137,0.2822110791452616,0.5,,,0,0,-8.460983753204346,10.276100635528564,1.0,1.0,-8.460983753204346,9.0,-9.100899696350098,10.244099617004396,0.0,0.0,-8.460983753204346,10.276100635528564,1.0835672616958618,0.5,00002さんは、車椅子付近にいる、車椅子を動かす動作に近い姿勢がある、および立ち上がり動作の兆候が強いため危険度が高く評価されました。
1740549675.0098505,0.28535351475824505,0.340509838897854,0.17975395776545156,0.7424242424242425,0.2958526829504775,0.19237631258258964,0.5192377454247751,"(0.4, 0.7, 1.0)","(0.5, 0.75, 1.0)",0.6068113358360798,0.5740617689050771,0.9378041454228864,0.06838026827999939,0.2659860652782272,0.3013000153402484,0.8785556642512045,0.0,1.0,0.15201626473345664,0.07695098169910027,yes,1,old,1,0.0,0.0227340041926185,0.4590325372543961,0.5,,,0,0,-8.449557304382324,10.28990077972412,1.0,1.0,-8.449557304382324,9.0,-9.100899696350098,10.244099617004396,0.0,0.0,-8.449557304382324,10.28990077972412,1.0867856740951538,0.5,00002さんは、車椅子付近にいる、車椅子を動かす動作に近い姿勢がある、および顔を触る動作に近い姿勢があるため危険度が高く評価されました。
1740549675.364066,0.370662534916902,0.340509838897854,0.3070324270212933,0.7424242424242425,0.2958526829504775,0.19237631258258964,0.8868946595704604,"(0.4, 0.7, 1.0)","(0.5, 0.75, 1.0)",0.6068113358360798,0.5740617689050771,0.9378041454228864,0.06838026827999939,0.2659860652782272,0.3013000153402484,0.8785556642512045,0.0,1.0,0.15201626473345664,0.0892013032381568,yes,1,old,1,0.0,0.0227340041926185,0.4590325372543961,0.5,,,0,0,-8.449557304382324,10.28990077972412,1.0,1.0,-8.449557304382324,9.0,-9.20439338684082,10.345733642578123,-0.10349369049072266,0.10163402557372692,-8.449557304382324,10.28990077972412,1.0867856740951538,0.8816145932889583,00002さんは、車椅子付近にいる、車椅子を動かす動作に近い姿勢がある、およびスタッフの見守り方向が弱いため危険度が高く評価されました。
1740549675.566146,0.37242570283714704,0.340509838897854,0.30966302005251595,0.7424242424242425,0.2958526829504775,0.19237631258258964,0.8944933973765254,"(0.4, 0.7, 1.0)","(0.5, 0.75, 1.0)",0.6068113358360798,0.5740617689050771,0.9378041454228864,0.06838026827999939,0.2659860652782272,0.3013000153402484,0.8785556642512045,0.0,1.0,0.15201626473345664,0.10057265799965016,yes,1,old,1,0.0,0.0227340041926185,0.4590325372543961,0.5,,,0,0,-8.449557304382324,10.28990077972412,1.0,1.0,-8.449557304382324,9.0,-9.288888454437256,10.444150924682615,-0.08449506759643555,0.09841728210449219,-8.449557304382324,10.28990077972412,1.0867856740951538,0.8889069349582364,00002さんは、車椅子付近にいる、車椅子を動かす動作に近い姿勢がある、およびスタッフの見守り方向が弱いため危険度が高く評価されました。
1740549675.9020605,0.38599033871505145,0.340509838897854,0.3299010451446064,0.7424242424242425,0.2958526829504775,0.19237631258258964,0.9529530087881345,"(0.4, 0.7, 1.0)","(0.5, 0.75, 1.0)",0.6068113358360798,0.5740617689050771,0.9378041454228864,0.06838026827999939,0.2659860652782272,0.3013000153402484,0.8785556642512045,0.0,1.0,0.15201626473345664,0.11089454218233868,yes,1,old,1,0.0,0.0227340041926185,0.4590325372543961,0.5,,,0,0,-8.449557304382324,10.28990077972412,1.0,1.0,-8.449557304382324,9.0,-9.365324020385742,10.506230354309082,-0.07643556594848633,0.06207942962646662,-8.449557304382324,10.28990077972412,1.0867856740951538,0.9501912494962401,00002さんは、車椅子付近にいる、スタッフの見守り方向が弱い、および車椅子を動かす動作に近い姿勢があるため危険度が高く評価されました。
1740549676.258251,0.23859920627349798,0.34219158125322885,0.11048661401611928,0.7424242424242425,0.2977212855675606,0.190958292445592,0.31980689782319766,"(0.4, 0.7, 1.0)","(0.5, 0.75, 1.0)",0.6106439502268332,1.0,0.586181640625,0.31640625,0.0625,1.0,0.31640625,0.0,1.0,0.1501656247132425,0.10863408474841701,yes,1,old,1,0.0,0.5,0.5,0.5,,,0,0,-8.466955184936523,10.274197578430176,1.0,1.0,-8.466955184936523,9.0,-9.362423419952393,10.49290943145752,0.0029006004333496094,-0.0133209228515625,-8.466955184936523,10.274197578430176,1.0900039672851562,0.2807387542602242,00002さんは、車椅子ブレーキ解除に近い姿勢がある、せき込む動作に近い姿勢がある、および車椅子付近にいるため危険度が高く評価されました。
1740549676.6576247,0.39532450265004604,0.34219158125322885,0.34402301607015506,0.7424242424242425,0.2977212855675606,0.190958292445592,0.9957851865487074,"(0.4, 0.7, 1.0)","(0.5, 0.75, 1.0)",0.6106439502268332,1.0,0.586181640625,0.31640625,0.0625,1.0,0.31640625,0.0,1.0,0.1501656247132425,0.11084511477670152,yes,1,old,1,0.0,0.5,0.5,0.5,,,0,0,-8.466955184936523,10.274197578430176,1.0,1.0,-8.466955184936523,9.0,-9.380034446716309,10.49986171722412,-0.017611026763916016,0.006952285766599786,-8.466955184936523,10.274197578430176,1.0900039672851562,0.9955378847078551,00002さんは、車椅子ブレーキ解除に近い姿勢がある、せき込む動作に近い姿勢がある、および車椅子付近にいるため危険度が高く評価されました。
1740549677.0142665,0.3633853100449841,0.34219158125322885,0.29643041744091964,0.7424242424242425,0.2977212855675606,0.190958292445592,0.8580269480281588,"(0.4, 0.7, 1.0)","(0.5, 0.75, 1.0)",0.6106439502268332,1.0,0.586181640625,0.31640625,0.0625,1.0,0.31640625,0.0,1.0,0.1501656247132425,0.11936006670984939,yes,1,old,1,0.0,0.5,0.5,0.5,,,0,0,-8.466955184936523,10.274197578430176,1.0,1.0,-8.466955184936523,9.0,-9.426847457885742,10.59727382659912,-0.046813011169433594,0.097412109375,-8.466955184936523,10.274197578430176,1.0900039672851562,0.8490162316999603,00002さんは、車椅子ブレーキ解除に近い姿勢がある、せき込む動作に近い姿勢がある、および車椅子付近にいるため危険度が高く評価されました。
1740549677.3661883,0.3960374407591585,0.34219158125322885,0.34508536531905554,0.7424242424242425,0.2977212855675606,0.190958292445592,0.9988601890792953,"(0.4, 0.7, 1.0)","(0.5, 0.75, 1.0)",0.6106439502268332,1.0,0.586181640625,0.31640625,0.0625,1.0,0.31640625,0.0,1.0,0.1501656247132425,0.12631829960884963,yes,1,old,1,0.0,0.5,0.5,0.5,,,0,0,-8.466955184936523,10.274197578430176,1.0,1.0,-8.466955184936523,9.0,-9.481403827667236,10.62024450302124,-0.05455636978149414,0.022970676422120917,-8.466955184936523,10.274197578430176,1.0900039672851562,0.9987833462637045,00002さんは、車椅子ブレーキ解除に近い姿勢がある、せき込む動作に近い姿勢がある、および車椅子付近にいるため危険度が高く評価されました。
1740549677.753067,0.38037274590019177,0.34219158125322885,0.3217433997192709,0.7424242424242425,0.2977212855675606,0.190958292445592,0.9312961527112894,"(0.4, 0.7, 1.0)","(0.5, 0.75, 1.0)",0.6106439502268332,1.0,0.586181640625,0.31640625,0.0625,1.0,0.31640625,0.0,1.0,0.1501656247132425,0.12772366576546096,yes,1,old,1,0.0,0.5,0.5,0.5,,,0,0,-8.466955184936523,10.274197578430176,1.0,1.0,-8.466955184936523,9.0,-9.49505090713501,10.617095947265623,-0.013647079467773438,-0.0031485557556170107,-8.466955184936523,10.274197578430176,1.0900039672851562,0.926609287280449,00002さんは、車椅子ブレーキ解除に近い姿勢がある、せき込む動作に近い姿勢がある、および車椅子付近にいるため危険度が高く評価されました。
1740549677.9582138,0.31902618825145906,0.34219158125322885,0.23033087932266366,0.7424242424242425,0.2977212855675606,0.190958292445592,0.6666998047231644,"(0.4, 0.7, 1.0)","(0.5, 0.75, 1.0)",0.6106439502268332,1.0,0.586181640625,0.31640625,0.0625,1.0,0.31640625,0.0,1.0,0.1501656247132425,0.1279464390856772,yes,1,old,1,0.0,0.5,0.5,0.5,,,0,0,-8.466955184936523,10.274197578430176,1.0,1.0,-8.466955184936523,9.0,-9.494813442230225,10.62372350692749,0.00023746490478515625,0.006627559661867011,-8.466955184936523,10.274197578430176,1.0900039672851562,0.6439202357927732,00002さんは、車椅子ブレーキ解除に近い姿勢がある、せき込む動作に近い姿勢がある、および車椅子付近にいるため危険度が高く評価されました。
1740549678.366343,0.18185396471973184,0.340509838897854,0.02533576994579497,0.7424242424242425,0.2958526829504775,0.1912798573181506,0.07330105073243755,"(0.4, 0.7, 1.0)","(0.5, 0.75, 1.0)",0.6068113358360798,1.0,0.586181640625,0.31640625,0.0625,1.0,0.31640625,0.0,1.0,0.15058529493281497,0.12809173090263398,yes,1,old,1,0.0,0.5,0.5,0.5,,,0,0,-8.453455924987793,10.277758598327637,1.0,1.0,-8.453455924987793,9.0,-9.484257698059082,10.622413635253906,0.010555744171142578,-0.0013098716735839844,-8.453455924987793,10.277758598327637,1.0867856740951538,0.009888503014715999,00002さんは、車椅子ブレーキ解除に近い姿勢がある、せき込む動作に近い姿勢がある、および車椅子付近にいるため危険度が高く評価されました。
1740549678.765772,0.3904290961719434,0.340509838897854,0.3365235365700201,0.7424242424242425,0.2958526829504775,0.1912798573181506,0.9736245979322393,"(0.4, 0.7, 1.0)","(0.5, 0.75, 1.0)",0.6068113358360798,1.0,0.586181640625,0.31640625,0.0625,1.0,0.31640625,0.0,1.0,0.15058529493281497,0.12859990627261392,yes,1,old,1,0.0,0.5,0.5,0.5,,,0,0,-8.453455924987793,10.277758598327637,1.0,1.0,-8.453455924987793,9.0,-9.48786449432373,10.625221252441406,-0.0036067962646484375,0.0028076171875,-8.453455924987793,10.277758598327637,1.0867856740951538,0.9718121184709069,00002さんは、車椅子ブレーキ解除に近い姿勢がある、せき込む動作に近い姿勢がある、および車椅子付近にいるため危険度が高く評価されました。
1740549679.1182888,0.37048978809893385,0.33938538601270973,0.3066124757615697,0.7424242424242425,0.2946032908558727,0.19175716671990636,0.8864743020023315,"(0.4, 0.7, 1.0)","(0.5, 0.75, 1.0)",0.6042487588185272,1.0,0.586181640625,0.31640625,0.0625,1.0,0.31640625,0.0,1.0,0.151208225353806,0.12855511975335526,yes,1,old,1,0.0,0.5,0.5,0.5,,,0,0,-8.45298719406128,10.283044338226318,1.0,1.0,-8.45298719406128,9.0,-9.488438606262209,10.626180648803713,-0.0005741119384783389,0.0009593963623064639,-8.45298719406128,10.283044338226318,1.0846400260925293,0.8786758838628401,00002さんは、車椅子ブレーキ解除に近い姿勢がある、せき込む動作に近い姿勢がある、および車椅子付近にいるため危険度が高く評価されました。
1740549679.5608995,0.1887749799487139,0.33938538601270973,0.03527188917927639,0.7424242424242425,0.2946032908558727,0.19175716671990636,0.10197766174660547,"(0.4, 0.7, 1.0)","(0.5, 0.75, 1.0)",0.6042487588185272,1.0,0.586181640625,0.31640625,0.0625,1.0,0.31640625,0.0,1.0,0.151208225353806,0.12559777571659092,yes,1,old,1,0.0,0.5,0.5,0.5,,,0,0,-8.45298719406128,10.283044338226318,1.0,1.0,-8.45298719406128,9.0,-9.461206436157228,10.628413200378418,0.02723217010498047,0.002232551574705255,-8.45298719406128,10.283044338226318,1.0846400260925293,0.041804019842420104,00002さんは、車椅子ブレーキ解除に近い姿勢がある、せき込む動作に近い姿勢がある、および車椅子付近にいるため危険度が高く評価されました。
1740549679.962773,0.28840734713300253,0.3385404691470074,0.18384571442679487,0.7424242424242425,0.2936644943384257,0.1919242357752796,0.5314041767038308,"(0.4, 0.7, 1.0)","(0.5, 0.75, 1.0)",0.6023232316840457,0.4545261555196618,0.8011727834477098,0.0625,0.17006558383224432,0.17006558383224432,0.6335811595577574,0.0,1.0,0.15142626505010234,0.1256167068153232,yes,1,old,1,0.0,0.0,0.2843521121115628,0.5,,,0,0,-8.45218563079834,10.284894466400146,1.0,1.0,-8.45218563079834,9.0,-9.461206436157228,10.628413200378418,0.0,0.0,-8.45218563079834,10.284894466400146,1.0830309391021729,0.5,00002さんは、車椅子付近にいる、車椅子を動かす動作に近い姿勢がある、および顔を触る動作に近い姿勢があるため危険度が高く評価されました。
1740549680.3667803,0.3412293006681568,0.3385404691470074,0.2627704159994195,0.7424242424242425,0.2936644943384257,0.1919242357752796,0.7595352277406311,"(0.4, 0.7, 1.0)","(0.5, 0.75, 1.0)",0.6023232316840457,0.4545261555196618,0.8011727834477098,0.0625,0.17006558383224432,0.17006558383224432,0.6335811595577574,0.0,1.0,0.15142626505010234,0.1266916697385531,yes,1,old,1,0.0,0.0,0.2843521121115628,0.5,,,0,0,-8.45218563079834,10.284894466400146,1.0,1.0,-8.45218563079834,9.0,-9.46431827545166,10.647170066833496,-0.0031118392944318174,0.018756866455078125,-8.45218563079834,10.284894466400146,1.0830309391021729,0.7432726173530562,00002さんは、車椅子付近にいる、車椅子を動かす動作に近い姿勢がある、およびスタッフの見守り方向が弱いため危険度が高く評価されました。
1740549680.7179077,0.19668830303666252,0.3385404691470074,0.04680235083721514,0.7424242424242425,0.2936644943384257,0.1919242357752796,0.13528172137163125,"(0.4, 0.7, 1.0)","(0.5, 0.75, 1.0)",0.6023232316840457,0.4545261555196618,0.8011727834477098,0.0625,0.17006558383224432,0.17006558383224432,0.6335811595577574,0.0,1.0,0.15142626505010234,0.12542843360544548,yes,1,old,1,0.0,0.0,0.2843521121115628,0.5,,,0,0,-8.45218563079834,10.284894466400146,1.0,1.0,-8.45218563079834,9.0,-9.456463813781738,10.63724422454834,0.007854461669921875,-0.00992584228515625,-8.45218563079834,10.284894466400146,1.0830309391021729,0.07742302920819477,00002さんは、車椅子付近にいる、車椅子を動かす動作に近い姿勢がある、および顔を触る動作に近い姿勢があるため危険度が高く評価されました。
1740549681.1058755,0.3572970803556119,0.3385404691470074,0.28677832619386345,0.7424242424242425,0.2936644943384257,0.1919242357752796,0.8289298491547626,"(0.4, 0.7, 1.0)","(0.5, 0.75, 1.0)",0.6023232316840457,0.4545261555196618,0.8011727834477098,0.0625,0.17006558383224432,0.17006558383224432,0.6335811595577574,0.0,1.0,0.15142626505010234,0.1351265455258949,yes,1,old,1,0.0,0.0,0.2843521121115628,0.5,,,0,0,-8.45218563079834,10.284894466400146,1.0,1.0,-8.45218563079834,9.0,-9.4903564453125,10.77157974243164,-0.03389263153076172,0.13433551788330078,-8.45218563079834,10.284894466400146,1.0830309391021729,0.8165343064594384,00002さんは、車椅子付近にいる、スタッフの見守り方向が弱い、および車椅子を動かす動作に近い姿勢があるため危険度が高く評価されました。
1740549681.4649315,0.25679727570125754,0.337694097262701,0.13638514246806685,0.7424242424242425,0.2927240811336408,0.19248103215544246,0.39390289736470996,"(0.4, 0.7, 1.0)","(0.5, 0.75, 1.0)",0.6003943886282977,0.45401495882345894,0.7619291619973034,0.06849085671690569,0.14640187054082235,0.16957678987421348,0.5691320478664803,0.0,1.0,0.15215293291422838,0.13029059750204505,yes,1,old,1,0.0,0.0231472594668883,0.2602810012341217,0.5,,,0,0,-8.456247329711914,10.291060447692873,1.0,1.0,-8.456247329711914,9.0,-9.495244979858398,10.668856620788574,-0.0048885345458984375,-0.1027231216430664,-8.456247329711914,10.291060447692873,1.0814217329025269,0.3516670539009572,00002さんは、車椅子付近にいる、車椅子を動かす動作に近い姿勢がある、および立ち上がり動作の兆候が強いため危険度が高く評価されました。
1740549681.6667635,0.23317760615714583,0.3393526121283388,0.10156512717162365,0.7424242424242425,0.2945668754287939,0.19202680239638759,0.29352946105531885,"(0.4, 0.7, 1.0)","(0.5, 0.75, 1.0)",0.6041740686256569,0.4453659667123532,0.6483128367986991,0.08796639111426025,0.08798779193951224,0.1614045477235138,0.39872265957455816,0.0,1.0,0.15156012344097294,0.12898015972460708,yes,1,old,1,0.0,0.0892039043424672,0.1784740491428876,0.5,,,0,0,-8.452263355255127,10.286030292510986,1.0,1.0,-8.452263355255127,9.0,-9.48865556716919,10.637704372406006,0.006589412689208984,-0.03115224838256836,-8.452263355255127,10.286030292510986,1.084577560424805,0.24482838317663513,00002さんは、車椅子付近にいる、車椅子を動かす動作に近い姿勢がある、および立ち上がり動作の兆候が強いため危険度が高く評価されました。
1740549682.0177798,0.19062472228450167,0.3393526121283388,0.0380226612260438,0.7424242424242425,0.2945668754287939,0.19202680239638759,0.10988782831640881,"(0.4, 0.7, 1.0)","(0.5, 0.75, 1.0)",0.6041740686256569,0.4453659667123532,0.6483128367986991,0.08796639111426025,0.08798779193951224,0.1614045477235138,0.39872265957455816,0.0,1.0,0.15156012344097294,0.12524454218941475,yes,1,old,1,0.0,0.0892039043424672,0.1784740491428876,0.5,,,0,0,-8.452263355255127,10.286030292510986,1.0,1.0,-8.452263355255127,9.0,-9.463336944580078,10.613347053527832,0.025318622589111328,-0.024357318878173828,-8.452263355255127,10.286030292510986,1.084577560424805,0.05042317068584512,00002さんは、車椅子付近にいる、車椅子を動かす動作に近い姿勢がある、および立ち上がり動作の兆候が強いため危険度が高く評価されました。
1740549682.3540704,0.17924465994840294,0.3396666906125624,0.021141576036451695,0.7424242424242425,0.29491585152237565,0.19214568839171872,0.061089959501377834,"(0.4, 0.7, 1.0)","(0.5, 0.75, 1.0)",0.6048898392159702,0.7735741774217523,0.771379384395148,0.15323923964966604,0.15193862024739516,0.5879681265266489,0.5843992288712135,0.0,1.0,0.15171528003929083,0.11502392653728882,yes,1,old,1,0.0,0.2513318327560047,0.5,0.5,,,0,0,-8.450052738189697,10.287346839904783,1.0,1.0,-8.450052738189697,9.0,-9.376037120819092,10.59580945968628,0.08729982376098633,-0.017537593841552734,-8.450052738189697,10.287346839904783,1.0851763486862185,0.0037963306623416404,00002さんは、車椅子付近にいる、車椅子ブレーキ解除に近い姿勢がある、および車椅子を動かす動作に近い姿勢があるため危険度が高く評価されました。
1740549682.7060282,0.19592399225076257,0.33882224310873815,0.04575596676198847,0.7424242424242425,0.2939775765181265,0.19107575749277192,0.13241953943802476,"(0.4, 0.7, 1.0)","(0.5, 0.75, 1.0)",0.6029653817358758,0.784236929305525,0.7608482383589616,0.15963669176221393,0.14577513859373176,0.6054298166103687,0.5673961160186778,0.0,1.0,0.1503189268502261,0.10399770681601767,yes,1,old,1,0.0,0.2641924008806217,0.5,0.5,,,0,0,-8.452180862426758,10.275498390197754,1.0,1.0,-8.452180862426758,9.0,-9.302748203277588,10.510557651519775,0.0732889175415039,-0.0852518081665039,-8.452180862426758,10.275498390197754,1.0835672616958618,0.08483184468618377,00002さんは、車椅子付近にいる、車椅子ブレーキ解除に近い姿勢がある、および車椅子を動かす動作に近い姿勢があるため危険度が高く評価されました。
1740549683.2616904,0.17544584831986623,0.3385404691470074,0.015062623564967343,0.7424242424242425,0.2936644943384257,0.19075419262021318,0.04361210898432866,"(0.4, 0.7, 1.0)","(0.5, 0.75, 1.0)",0.6023232316840457,0.784236929305525,0.7608482383589616,0.15963669176221393,0.14577513859373176,0.6054298166103687,0.5673961160186778,0.0,1.0,0.14989925663065343,0.08137163592964139,yes,1,old,1,0.0,0.2641924008806217,0.5,0.5,,,0,0,-8.446294784545898,10.271937370300291,1.0,1.0,-8.446294784545898,9.0,-9.115806579589844,10.440729141235352,0.18694162368774414,-0.06982851028442383,-8.446294784545898,10.271937370300291,1.0830309391021729,0.003050398997854753,00002さんは、車椅子付近にいる、車椅子ブレーキ解除に近い姿勢がある、および車椅子を動かす動作に近い姿勢があるため危険度が高く評価されました。
1740549683.6182165,0.21692119915747027,0.33797639536972235,0.07685531400678153,0.7424242424242425,0.29303774569699786,0.19141876576470576,0.22231191229465672,"(0.4, 0.7, 1.0)","(0.5, 0.75, 1.0)",0.6010377331834222,0.784236929305525,0.7608482383589616,0.15963669176221393,0.14577513859373176,0.6054298166103687,0.5673961160186778,0.0,1.0,0.15076658257720982,0.06758425143674465,yes,1,old,1,0.0,0.2641924008806217,0.5,0.5,,,0,0,-8.452180862426758,10.279296875,1.0,1.0,-8.452180862426758,9.0,-9.024884223937988,10.308966636657717,0.09092235565185547,-0.13176250457763494,-8.452180862426758,10.279296875,1.0819581747055054,0.19511307203581651,00002さんは、車椅子付近にいる、車椅子ブレーキ解除に近い姿勢がある、および車椅子を動かす動作に近い姿勢があるため危険度が高く評価されました。
1740549684.0017018,0.2846852778394359,0.340509838897854,0.17875696856116707,0.7424242424242425,0.2958526829504775,0.19166058530464805,0.5168921646227158,"(0.4, 0.7, 1.0)","(0.5, 0.75, 1.0)",0.6068113358360798,0.6037815577623727,0.9742711589280315,0.06925275845492358,0.29504787576680824,0.33890375349401397,0.9490420206666862,0.0,1.0,0.15108217817885938,0.06756865849086312,yes,1,old,1,0.0,0.0259808739534982,0.5,0.5,,,0,0,-8.452180862426758,10.281974792480469,1.0,1.0,-8.452180862426758,9.0,-9.024884223937988,10.308966636657717,0.0,0.0,-8.452180862426758,10.281974792480469,1.0867856740951538,0.5,00002さんは、車椅子付近にいる、車椅子を動かす動作に近い姿勢がある、および顔を触る動作に近い姿勢があるため危険度が高く評価されました。
1740549684.358357,0.2849645874120891,0.33882224310873815,0.17876928592312624,0.7424242424242425,0.2939775765181265,0.19166058530464805,0.516927781404186,"(0.4, 0.7, 1.0)","(0.5, 0.75, 1.0)",0.6029653817358758,0.8384592890764435,0.7104663629839809,0.19417550166509623,0.11806788828146443,0.6973288382882344,0.48888259682075363,0.0,1.0,0.15108217817885938,0.06771112561674426,yes,1,old,1,0.0,0.3276347296993496,0.5,0.5,,,0,0,-8.450970649719238,10.281974792480469,1.0,1.0,-8.450970649719238,9.0,-9.024884223937988,10.308966636657717,0.0,0.0,-8.450970649719238,10.281974792480469,1.0835672616958618,0.5,00002さんは、車椅子付近にいる、車椅子ブレーキ解除に近い姿勢がある、および車椅子を動かす動作に近い姿勢があるため危険度が高く評価されました。
1740549684.710225,0.284959839918513,0.33825847782841606,0.1786268667164636,0.7424242424242425,0.29335117065110194,0.19118241472219463,0.5168732968655133,"(0.4, 0.7, 1.0)","(0.5, 0.75, 1.0)",0.6016805862858093,0.8384592890764435,0.7104663629839809,0.19417550166509623,0.11806788828146443,0.6973288382882344,0.48888259682075363,0.0,1.0,0.1504581238419083,0.06749318746205311,yes,1,old,1,0.0,0.3276347296993496,0.5,0.5,,,0,0,-8.453096389770508,10.276679515838625,1.0,1.0,-8.453096389770508,9.0,-9.024884223937988,10.308966636657717,0.0,0.0,-8.453096389770508,10.276679515838625,1.0824944972991943,0.5,00002さんは、車椅子付近にいる、車椅子ブレーキ解除に近い姿勢がある、および車椅子を動かす動作に近い姿勢があるため危険度が高く評価されました。
1740549685.0545845,0.2848524228207138,0.33910398666726727,0.17866935007080256,0.7424242424242425,0.2942906249164922,0.19118383567034586,0.5169951635154193,"(0.4, 0.7, 1.0)","(0.5, 0.75, 1.0)",0.6036074625001914,0.2375032592831447,0.41197240991856365,0.07421551013299002,0.13160896129037125,0.17436756440553614,0.5277083754392418,0.0,1.0,0.15045997830324256,0.06798065406167714,yes,1,old,1,0.0,0.0438874224640439,0.2485110052190131,1.0,,,0,0,-8.448952674865723,10.276695251464844,1.0,1.0,-8.448952674865723,9.0,-9.024884223937988,10.308966636657717,0.0,0.0,-8.448952674865723,10.276695251464844,1.08410382270813,0.5,00002さんは、車椅子付近にいる、立ち上がり動作の兆候が強い、および顔を触る動作に近い姿勢があるため危険度が高く評価されました。
1740549685.40175,0.284917212858528,0.3396666906125624,0.17890104509036442,0.7424242424242425,0.29491585152237565,0.19202697463252713,0.5170348892407339,"(0.4, 0.7, 1.0)","(0.5, 0.75, 1.0)",0.6048898392159702,0.2375032592831447,0.41197240991856365,0.07421551013299002,0.13160896129037125,0.17436756440553614,0.5277083754392418,0.0,1.0,0.151560348224165,0.0681395569629355,yes,1,old,1,0.0,0.0438874224640439,0.2485110052190131,1.0,,,0,0,-8.447155952453613,10.28603219985962,1.0,1.0,-8.447155952453613,9.0,-9.024884223937988,10.308966636657717,0.0,0.0,-8.447155952453613,10.28603219985962,1.0851763486862185,0.5,00002さんは、車椅子付近にいる、立ち上がり動作の兆候が強い、および顔を触る動作に近い姿勢があるため危険度が高く評価されました。
1740549685.7532125,0.284917212858528,0.3396666906125624,0.17890104509036442,0.7424242424242425,0.29491585152237565,0.19202697463252713,0.5170348892407339,"(0.4, 0.7, 1.0)","(0.5, 0.75, 1.0)",0.6048898392159702,0.2375032592831447,0.41197240991856365,0.07421551013299002,0.13160896129037125,0.17436756440553614,0.5277083754392418,0.0,1.0,0.151560348224165,0.0681395569629355,yes,1,old,1,0.0,0.0438874224640439,0.2485110052190131,1.0,,,0,0,-8.447155952453613,10.28603219985962,1.0,1.0,-8.447155952453613,9.0,-9.024884223937988,10.308966636657717,0.0,0.0,-8.447155952453613,10.28603219985962,1.0851763486862185,0.5,00002さんは、車椅子付近にいる、立ち上がり動作の兆候が強い、および顔を触る動作に近い姿勢があるため危険度が高く評価されました。
1740549686.109794,0.28488989218573224,0.33938538601270973,0.17879281040292538,0.7424242424242425,0.2946032908558727,0.19173124518090254,0.516942993824624,"(0.4, 0.7, 1.0)","(0.5, 0.75, 1.0)",0.6042487588185272,0.5215882985352288,0.7487853887139062,0.08796639111426025,0.13887262516258855,0.23963333326672645,0.5481685136749704,0.0,1.0,0.15117439548340122,0.06777197529849603,yes,1,old,1,0.0,0.0892039043424672,0.3101153270633885,0.5,,,0,0,-8.450417518615723,10.28275728225708,1.0,1.0,-8.450417518615723,9.0,-9.024884223937988,10.308966636657717,0.0,0.0,-8.450417518615723,10.28275728225708,1.0846400260925293,0.5,00002さんは、車椅子付近にいる、車椅子を動かす動作に近い姿勢がある、および立ち上がり動作の兆候が強いため危険度が高く評価されました。
1740549686.4657078,0.28502513223394965,0.33882224310873815,0.17885973082299578,0.7424242424242425,0.2939775765181265,0.19210422254111983,0.5168577939498677,"(0.4, 0.7, 1.0)","(0.5, 0.75, 1.0)",0.6029653817358758,0.5493326917073613,0.7137350025457726,0.10318519833835552,0.11977567105739285,0.27147273944308004,0.49383182032242134,0.0,1.0,0.15166116348580305,0.06743117579947105,yes,1,old,1,0.0,0.1335334657221005,0.3101153270633885,0.5,,,0,0,-8.453137874603271,10.286887645721436,1.0,1.0,-8.453137874603271,9.0,-9.024884223937988,10.308966636657717,0.0,0.0,-8.453137874603271,10.286887645721436,1.0835672616958618,0.5,00002さんは、車椅子付近にいる、車椅子を動かす動作に近い姿勢がある、および立ち上がり動作の兆候が強いため危険度が高く評価されました。
1740549687.00169,0.28501271561761654,0.3385404691470074,0.17877357564036095,0.7424242424242425,0.2936644943384257,0.1918890565437746,0.5167694847882025,"(0.4, 0.7, 1.0)","(0.5, 0.75, 1.0)",0.6023232316840457,0.5246257615206856,0.7448182969788593,0.08957255117384028,0.13663943556544644,0.24303394897441868,0.5419036061816651,0.0,1.0,0.15138035308312467,0.06707793915281014,yes,1,old,1,0.0,0.094142106645752,0.3101153270633885,0.5,,,0,0,-8.4562349319458,10.284504890441896,1.0,1.0,-8.4562349319458,9.0,-9.024884223937988,10.308966636657717,0.0,0.0,-8.4562349319458,10.284504890441896,1.0830309391021729,0.5,00002さんは、車椅子付近にいる、車椅子を動かす動作に近い姿勢がある、および立ち上がり動作の兆候が強いため危険度が高く評価されました。
1740549687.3581562,0.28501271561761654,0.3385404691470074,0.17877357564036095,0.7424242424242425,0.2936644943384257,0.1918890565437746,0.5167694847882025,"(0.4, 0.7, 1.0)","(0.5, 0.75, 1.0)",0.6023232316840457,0.5246257615206856,0.7448182969788593,0.08957255117384028,0.13663943556544644,0.24303394897441868,0.5419036061816651,0.0,1.0,0.15138035308312467,0.06707793915281014,yes,1,old,1,0.0,0.094142106645752,0.3101153270633885,0.5,,,0,0,-8.4562349319458,10.284504890441896,1.0,1.0,-8.4562349319458,9.0,-9.024884223937988,10.308966636657717,0.0,0.0,-8.4562349319458,10.284504890441896,1.0830309391021729,0.5,00002さんは、車椅子付近にいる、車椅子を動かす動作に近い姿勢がある、および立ち上がり動作の兆候が強いため危険度が高く評価されました。
1740549687.5586565,0.28480621273150336,0.33825847782841606,0.17839727401885727,0.7424242424242425,0.29335117065110194,0.19043646000175998,0.5167666667499063,"(0.4, 0.7, 1.0)","(0.5, 0.75, 1.0)",0.6016805862858093,1.0,0.586181640625,0.31640625,0.0625,1.0,0.31640625,0.0,1.0,0.14948458783710444,0.06706666699962523,yes,1,old,1,0.0,0.5,0.5,0.5,,,0,0,-8.457251071929932,10.268418788909912,1.0,1.0,-8.457251071929932,9.0,-9.024884223937988,10.308966636657717,0.0,0.0,-8.457251071929932,10.268418788909912,1.0824944972991943,0.5,00002さんは、車椅子ブレーキ解除に近い姿勢がある、せき込む動作に近い姿勢がある、および車椅子付近にいるため危険度が高く評価されました。
1740549687.9613376,0.28480621273150336,0.33825847782841606,0.17839727401885727,0.7424242424242425,0.29335117065110194,0.19043646000175998,0.5167666667499063,"(0.4, 0.7, 1.0)","(0.5, 0.75, 1.0)",0.6016805862858093,1.0,0.586181640625,0.31640625,0.0625,1.0,0.31640625,0.0,1.0,0.14948458783710444,0.06706666699962523,yes,1,old,1,0.0,0.5,0.5,0.5,,,0,0,-8.457251071929932,10.268418788909912,1.0,1.0,-8.457251071929932,9.0,-9.024884223937988,10.308966636657717,0.0,0.0,-8.457251071929932,10.268418788909912,1.0824944972991943,0.5,00002さんは、車椅子ブレーキ解除に近い姿勢がある、せき込む動作に近い姿勢がある、および車椅子付近にいるため危険度が高く評価されました。
1740549688.3180978,0.28480621273150336,0.33825847782841606,0.17839727401885727,0.7424242424242425,0.29335117065110194,0.19043646000175998,0.5167666667499063,"(0.4, 0.7, 1.0)","(0.5, 0.75, 1.0)",0.6016805862858093,1.0,0.586181640625,0.31640625,0.0625,1.0,0.31640625,0.0,1.0,0.14948458783710444,0.06706666699962523,yes,1,old,1,0.0,0.5,0.5,0.5,,,0,0,-8.457251071929932,10.268418788909912,1.0,1.0,-8.457251071929932,9.0,-9.024884223937988,10.308966636657717,0.0,0.0,-8.457251071929932,10.268418788909912,1.0824944972991943,0.5,00002さんは、車椅子ブレーキ解除に近い姿勢がある、せき込む動作に近い姿勢がある、および車椅子付近にいるため危険度が高く評価されました。
1740549688.658319,0.28480621273150336,0.33825847782841606,0.17839727401885727,0.7424242424242425,0.29335117065110194,0.19043646000175998,0.5167666667499063,"(0.4, 0.7, 1.0)","(0.5, 0.75, 1.0)",0.6016805862858093,1.0,0.586181640625,0.31640625,0.0625,1.0,0.31640625,0.0,1.0,0.14948458783710444,0.06706666699962523,yes,1,old,1,0.0,0.5,0.5,0.5,,,0,0,-8.457251071929932,10.268418788909912,1.0,1.0,-8.457251071929932,9.0,-9.024884223937988,10.308966636657717,0.0,0.0,-8.457251071929932,10.268418788909912,1.0824944972991943,0.5,00002さんは、車椅子ブレーキ解除に近い姿勢がある、せき込む動作に近い姿勢がある、および車椅子付近にいるため危険度が高く評価されました。
1740549689.006878,0.28480621273150336,0.33825847782841606,0.17839727401885727,0.7424242424242425,0.29335117065110194,0.19043646000175998,0.5167666667499063,"(0.4, 0.7, 1.0)","(0.5, 0.75, 1.0)",0.6016805862858093,1.0,0.586181640625,0.31640625,0.0625,1.0,0.31640625,0.0,1.0,0.14948458783710444,0.06706666699962523,yes,1,old,1,0.0,0.5,0.5,0.5,,,0,0,-8.457251071929932,10.268418788909912,1.0,1.0,-8.457251071929932,9.0,-9.024884223937988,10.308966636657717,0.0,0.0,-8.457251071929932,10.268418788909912,1.0824944972991943,0.5,00002さんは、車椅子ブレーキ解除に近い姿勢がある、せき込む動作に近い姿勢がある、および車椅子付近にいるため危険度が高く評価されました。
1740549689.4622197,0.2842470551554783,0.33684635692196563,0.1772210303339808,0.7424242424242425,0.2917821474217126,0.18565066356890988,0.5169426349316719,"(0.4, 0.7, 1.0)","(0.5, 0.75, 1.0)",0.5984624269225463,1.0,0.586181640625,0.31640625,0.0625,1.0,0.31640625,0.0,1.0,0.14323870586678003,0.06777053972668755,yes,1,old,1,0.0,0.5,0.5,0.5,,,0,0,-8.457491874694824,10.215420722961426,1.0,1.0,-8.457491874694824,9.0,-9.024884223937988,10.308966636657717,0.0,0.0,-8.457491874694824,10.215420722961426,1.0798125267028809,0.5,00002さんは、車椅子ブレーキ解除に近い姿勢がある、せき込む動作に近い姿勢がある、および車椅子付近にいるため危険度が高く評価されました。
1740549689.866333,0.28371748024727494,0.33910398666726727,0.1769742724894662,0.7424242424242425,0.2942906249164922,0.18502294895828333,0.5166958939363756,"(0.4, 0.7, 1.0)","(0.5, 0.75, 1.0)",0.6036074625001914,1.0,0.586181640625,0.31640625,0.0625,1.0,0.31640625,0.0,1.0,0.1424194835233243,0.06678357574550234,yes,1,old,1,0.0,0.5,0.5,0.5,,,0,0,-8.467189311981201,10.20846939086914,1.0,1.0,-8.467189311981201,9.0,-9.024884223937988,10.308966636657717,0.0,0.0,-8.467189311981201,10.20846939086914,1.08410382270813,0.5,00002さんは、車椅子ブレーキ解除に近い姿勢がある、せき込む動作に近い姿勢がある、および車椅子付近にいるため危険度が高く評価されました。
1740549690.217891,0.28383488942978596,0.33882224310873815,0.17708168626138182,0.7424242424242425,0.2939775765181265,0.18509920650907355,0.5169519525900561,"(0.4, 0.7, 1.0)","(0.5, 0.75, 1.0)",0.6029653817358758,1.0,0.586181640625,0.31640625,0.0625,1.0,0.31640625,0.0,1.0,0.14251900628160802,0.06780781036022446,yes,1,old,1,0.0,0.5,0.5,0.5,,,0,0,-8.458211421966553,10.209313869476318,1.0,1.0,-8.458211421966553,9.0,-9.024884223937988,10.308966636657717,0.0,0.0,-8.458211421966553,10.209313869476318,1.0835672616958618,0.5,00002さんは、車椅子ブレーキ解除に近い姿勢がある、せき込む動作に近い姿勢がある、および車椅子付近にいるため危険度が高く評価されました。
1740549690.6056917,0.28383488942978596,0.33882224310873815,0.17708168626138182,0.7424242424242425,0.2939775765181265,0.18509920650907355,0.5169519525900561,"(0.4, 0.7, 1.0)","(0.5, 0.75, 1.0)",0.6029653817358758,1.0,0.586181640625,0.31640625,0.0625,1.0,0.31640625,0.0,1.0,0.14251900628160802,0.06780781036022446,yes,1,old,1,0.0,0.5,0.5,0.5,,,0,0,-8.458211421966553,10.209313869476318,1.0,1.0,-8.458211421966553,9.0,-9.024884223937988,10.308966636657717,0.0,0.0,-8.458211421966553,10.209313869476318,1.0835672616958618,0.5,00002さんは、車椅子ブレーキ解除に近い姿勢がある、せき込む動作に近い姿勢がある、および車椅子付近にいるため危険度が高く評価されました。
1740549690.9651427,0.28382581358012193,0.33825847782841606,0.17693208748333494,0.7424242424242425,0.29335117065110194,0.1847220524224718,0.516799734599955,"(0.4, 0.7, 1.0)","(0.5, 0.75, 1.0)",0.6016805862858093,1.0,0.586181640625,0.31640625,0.0625,1.0,0.31640625,0.0,1.0,0.14202678728679857,0.0671989383998201,yes,1,old,1,0.0,0.5,0.5,0.5,,,0,0,-8.464215278625488,10.205137252807615,1.0,1.0,-8.464215278625488,9.0,-9.024884223937988,10.308966636657717,0.0,0.0,-8.464215278625488,10.205137252807615,1.0824944972991943,0.5,00002さんは、車椅子ブレーキ解除に近い姿勢がある、せき込む動作に近い姿勢がある、および車椅子付近にいるため危険度が高く評価されました。
